1,1,308.43,0.44,403.35999999999996,115.56,1,1,1.0
1,2,94.6,0.0,227.01000000000002,65.31,1,1,1.0
1,3,0.0,11.59,18.6,36.489999999999995,1,1,1.0
1,4,51.02,59.22,127.69,63.879999999999995,1,1,1.0
2,1,308.43,0.44,403.16,115.56,1,1,1.0
2,2,94.6,0.0,227.01000000000002,65.31,1,1,1.0
2,3,0.0,11.59,11.5,36.489999999999995,1,1,1.0
2,4,35.21,56.69,122.22,61.33,1,1,1.0
3,1,308.43,0.44,402.96,115.56,1,1,1.0
3,2,94.6,0.0,227.01000000000002,65.31,1,1,1.0
3,4,19.41,54.16,116.75,58.790000000000006,1,1,1.0
4,1,308.43,0.44,402.77000000000004,115.56,1,1,1.0
4,2,94.6,0.0,227.01000000000002,65.31,1,1,1.0
4,4,3.6,51.62,111.28,56.25000000000001,1,1,1.0
5,1,308.43,0.44,402.57,115.56,1,1,1.0
5,2,94.6,0.0,227.01000000000002,65.31,1,1,1.0
5,4,0.0,49.09,93.6,53.709999999999994,1,1,1.0
6,1,308.43,0.44,402.36999999999995,115.56,1,1,1.0
6,2,94.6,0.0,227.01000000000002,65.31,1,1,1.0
6,4,0.0,46.56,75.85,52.69,1,1,1.0
7,1,307.68,0.44,403.11999999999995,115.56,1,1,1.0
7,2,94.6,0.0,227.01000000000002,65.31,1,1,1.0
7,4,0.0,44.02,58.1,51.68,1,1,1.0
8,1,306.92,0.44,403.87999999999994,115.56,1,1,1.0
8,2,94.6,0.0,227.01000000000002,65.31,1,1,1.0
8,4,0.0,44.02,43.9,45.57999999999999,1,1,1.0
9,1,306.16,0.44,404.63999999999993,115.56,1,1,1.0
9,2,94.6,0.0,227.01000000000002,65.31,1,1,1.0
9,4,0.0,44.02,26.7,37.48,1,1,1.0
10,1,305.4,0.44,405.4,115.56,1,1,1.0
10,2,94.6,0.0,227.01000000000002,65.31,1,1,1.0
11,1,305.4,0.44,402.85,115.56,1,1,1.0
11,2,94.6,0.0,227.01000000000002,65.31,1,1,1.0
11,5,866.85,175.77,93.14999999999998,94.24999999999997,1,1,1.0
12,1,305.4,0.44,400.30000000000007,115.56,1,1,1.0
12,2,94.6,0.0,227.01000000000002,65.31,1,1,1.0
12,5,823.21,167.26,136.78999999999996,100.31,1,1,1.0
13,1,305.4,0.44,399.97,115.56,1,1,1.0
13,2,94.6,0.0,227.01000000000002,65.31,1,1,1.0
13,5,779.57,158.75,180.42999999999995,106.36000000000001,1,1,1.0
14,1,305.4,0.44,399.63,115.56,1,1,1.0
14,2,94.6,0.0,227.01000000000002,65.31,1,1,1.0
14,5,735.94,150.23,224.05999999999995,112.43000000000004,1,1,1.0
15,1,305.4,0.44,399.30000000000007,115.56,1,1,1.0
15,2,94.6,0.0,227.01000000000002,65.31,1,1,1.0
15,5,692.3,141.72,267.70000000000005,118.47999999999999,1,1,1.0
16,1,305.39,0.44,399.30000000000007,115.56,1,1,1.0
16,2,94.6,0.0,227.01000000000002,65.31,1,1,1.0
16,5,653.01,133.21,276.59000000000003,115.48999999999998,1,1,1.0
16,6,0.0,163.89,53.78,92.63999999999999,1,1,1.0
17,1,305.37,0.44,399.29999999999995,115.56,1,1,1.0
17,2,94.6,0.0,227.01000000000002,65.31,1,1,1.0
17,5,617.74,126.74,270.13,113.41000000000001,1,1,1.0
17,6,0.0,168.63,80.02,102.12,1,1,1.0
18,1,305.36,0.44,399.29999999999995,115.56,1,1,1.0
18,2,94.6,0.0,227.01000000000002,65.31,1,1,1.0
18,5,582.47,120.27,263.65999999999997,111.33,1,1,1.0
18,6,0.0,173.36,106.26,111.61000000000001,1,1,1.0
19,1,305.34,0.44,399.3,115.56,1,1,1.0
19,2,94.6,0.0,227.01000000000002,65.31,1,1,1.0
19,5,547.2,113.8,257.19999999999993,109.25000000000001,1,1,1.0
19,6,0.0,178.1,132.5,121.09,1,1,1.0
20,1,305.33,0.44,399.3,115.56,1,1,1.0
20,2,94.6,0.0,227.01000000000002,65.31,1,1,1.0
20,5,514.8,110.2,247.87,104.3,1,1,1.0
20,6,0.0,182.83,158.74,130.58,1,1,1.0
21,1,305.32,0.44,399.3,115.56,1,1,1.0
21,2,94.6,0.0,227.01000000000002,65.31,1,1,1.0
21,5,483.92,106.6,237.00999999999993,99.35,1,1,1.0
21,6,0.0,187.57,184.98,140.06,1,1,1.0
22,1,305.3,0.44,399.3,115.56,1,1,1.0
22,2,94.6,0.0,227.01000000000002,65.31,1,1,1.0
22,5,450.1,103.82,229.10000000000002,93.58000000000001,1,1,1.0
22,6,0.0,192.3,211.22,149.56,1,1,1.0
23,1,305.29,0.44,399.3,115.56,1,1,1.0
23,2,94.6,0.0,227.01000000000002,65.31,1,1,1.0
23,5,423.2,98.92,225.60999999999996,89.92999999999999,1,1,1.0
23,6,13.7,201.1,223.76000000000002,154.98,1,1,1.0
24,1,305.27,0.44,399.30000000000007,115.56,1,1,1.0
24,2,94.6,0.0,227.01000000000002,65.31,1,1,1.0
24,5,397.6,94.02,211.10000000000002,86.28000000000002,1,1,1.0
24,6,31.7,213.14,232.0,157.16000000000003,1,1,1.0
25,1,305.26,0.44,399.29999999999995,115.56,1,1,1.0
25,2,94.6,0.0,227.01000000000002,65.31,1,1,1.0
25,5,373.7,89.12,197.8,84.68,1,1,1.0
25,6,52.9,216.6,252.6,174.20000000000002,1,1,1.0
26,1,305.25,0.44,399.28999999999996,115.56,1,1,1.0
26,2,94.6,0.0,227.01000000000002,65.31,1,1,1.0
26,5,346.4,84.22,198.0,85.9,1,1,1.0
26,6,81.2,227.1,266.1,184.20000000000002,1,1,1.0
27,1,305.23,0.44,399.29999999999995,115.56,1,1,1.0
27,2,94.6,0.0,227.01000000000002,65.31,1,1,1.0
27,5,328.8,79.33,187.8,82.92999999999999,1,1,1.0
27,6,109.4,237.6,286.75,201.17,1,1,1.0
28,1,305.22,0.44,399.29999999999995,115.56,1,1,1.0
28,2,94.6,0.0,227.01000000000002,65.31,1,1,1.0
28,5,304.4,74.43,179.3,79.97,1,1,1.0
28,6,141.6,250.5,298.70000000000005,211.10000000000002,1,1,1.0
29,1,305.2,0.44,399.3,115.56,1,1,1.0
29,2,94.6,0.0,227.01000000000002,65.31,1,1,1.0
29,5,285.03,71.57,175.09000000000003,77.86000000000001,1,1,1.0
29,6,175.0,265.7,326.6,227.60000000000002,1,1,1.0
30,1,305.19,0.44,399.3,115.56,1,1,1.0
30,2,94.6,0.0,227.01000000000002,65.31,1,1,1.0
30,5,265.65,68.7,170.88,75.77,1,1,1.0
30,6,206.42,284.67,353.98,241.62999999999994,1,1,1.0
30,7,854.67,166.24,105.33000000000004,82.07999999999998,1,1,1.0
31,1,305.17,0.44,399.3,115.56,1,1,1.0
31,2,94.6,0.0,227.01000000000002,65.31,1,1,1.0
31,5,246.28,65.84,166.67,73.66,1,1,1.0
31,6,252.21,296.28,387.78999999999996,243.72000000000003,1,1,1.0
31,7,810.1,156.9,149.89999999999998,91.41999999999999,1,1,1.0
32,1,305.16,0.44,399.3,115.56,1,1,1.0
32,2,94.6,0.0,227.01000000000002,65.31,1,1,1.0
32,5,226.9,62.98,162.47,71.55000000000001,1,1,1.0
32,6,298.0,307.9,417.0,232.10000000000002,1,1,1.0
32,7,769.1,140.5,190.89999999999998,112.5,1,1,1.0
33,1,305.15,0.44,399.30000000000007,115.56,1,1,1.0
33,2,94.6,0.0,227.01000000000002,65.31,1,1,1.0
33,5,211.67,60.12,154.10999999999999,69.44999999999999,1,1,1.0
33,6,349.1,331.9,439.69999999999993,208.10000000000002,1,1,1.0
33,7,728.25,131.5,231.75,113.0,1,1,1.0
34,1,305.13,0.44,399.29999999999995,115.56,1,1,1.0
34,2,94.6,0.0,227.01000000000002,65.31,1,1,1.0
34,5,196.44,57.26,145.76,67.34,1,1,1.0
34,6,401.3,360.2,452.7,179.8,1,1,1.0
34,7,687.4,122.5,256.6,113.5,1,1,1.0
35,1,305.12,0.44,399.29999999999995,115.56,1,1,1.0
35,2,94.6,0.0,227.01000000000002,65.31,1,1,1.0
35,5,181.4,56.37,142.6,65.77000000000001,1,1,1.0
35,6,457.4,393.72,470.0,146.27999999999997,1,1,1.0
35,7,648.3,115.2,242.0,106.99999999999999,1,1,1.0
36,1,305.1,0.44,399.29999999999995,115.56,1,1,1.0
36,2,94.6,0.0,227.01000000000002,65.31,1,1,1.0
36,5,167.2,53.79,136.90000000000003,63.74,1,1,1.0
36,6,539.2,418.93,404.5,121.07,1,1,1.0
36,7,607.0,104.8,240.91999999999996,107.8,1,1,1.0
37,1,305.09,0.44,399.3,115.56,1,1,1.0
37,2,94.6,0.0,227.01000000000002,65.31,1,1,1.0
37,5,151.5,51.21,135.89999999999998,61.71,1,1,1.0
37,6,628.16,444.14,331.84000000000003,95.86000000000001,1,1,1.0
37,7,574.03,99.13,231.51999999999998,103.87,1,1,1.0
38,1,305.08,0.44,399.3,115.56,1,1,1.0
38,2,94.6,0.0,227.01000000000002,65.31,1,1,1.0
38,5,138.7,48.63,129.7,59.68,1,1,1.0
38,6,725.9,475.8,234.10000000000002,64.19999999999999,1,1,1.0
38,7,541.07,93.47,222.0999999999999,99.93,1,1,1.0
39,1,305.06,0.44,399.3,115.56,1,1,1.0
39,2,94.6,0.0,227.01000000000002,65.31,1,1,1.0
39,5,124.0,46.05,126.6,57.650000000000006,1,1,1.0
39,7,508.1,87.8,212.69999999999993,96.00000000000001,1,1,1.0
40,1,305.05,0.44,399.3,115.56,1,1,1.0
40,2,94.6,0.0,227.01000000000002,65.31,1,1,1.0
40,5,111.64,44.23,123.76,56.63,1,1,1.0
40,7,478.9,83.02,206.39999999999998,93.60000000000001,1,1,1.0
41,1,305.03,0.44,399.30000000000007,115.56,1,1,1.0
41,2,94.6,0.0,227.01000000000002,65.31,1,1,1.0
41,5,99.28,42.4,120.91999999999999,55.62,1,1,1.0
41,7,449.7,78.24,200.09999999999997,91.2,1,1,1.0
42,1,305.02,0.44,399.30000000000007,115.56,1,1,1.0
42,2,94.6,0.0,227.01000000000002,65.31,1,1,1.0
42,5,86.92,40.58,118.08,54.60000000000001,1,1,1.0
42,7,423.63,73.46,190.66999999999996,88.8,1,1,1.0
43,1,305.01,0.44,399.29999999999995,115.56,1,1,1.0
43,2,94.6,0.0,227.01000000000002,65.31,1,1,1.0
43,5,74.56,38.75,115.24000000000001,53.59,1,1,1.0
43,7,397.57,68.68,181.22999999999996,86.4,1,1,1.0
44,1,304.99,0.44,399.29999999999995,115.56,1,1,1.0
44,2,94.6,0.0,227.01000000000002,65.31,1,1,1.0
44,5,62.2,36.93,112.39999999999999,52.57,1,1,1.0
44,7,371.5,63.9,171.79999999999995,84.0,1,1,1.0
45,1,304.98,0.44,399.29999999999995,115.56,1,1,1.0
45,2,94.6,0.0,227.01000000000002,65.31,1,1,1.0
45,5,52.47,34.5,109.77000000000001,52.56,1,1,1.0
45,7,348.7,61.6,167.2,81.62,1,1,1.0
46,1,304.98,0.44,399.29999999999995,115.56,1,1,1.0
46,2,94.6,0.0,227.01000000000002,65.31,1,1,1.0
46,5,42.74,32.06,107.13999999999999,52.56,1,1,1.0
46,7,324.6,59.71,161.09999999999997,76.75,1,1,1.0
47,1,304.98,0.44,399.29999999999995,115.56,1,1,1.0
47,2,94.6,0.0,227.01000000000002,65.31,1,1,1.0
47,5,33.01,29.63,104.51000000000002,52.55000000000001,1,1,1.0
47,7,303.65,55.7,155.65000000000003,73.99999999999999,1,1,1.0
48,1,304.98,0.44,399.29999999999995,115.56,1,1,1.0
48,2,94.6,0.0,227.01000000000002,65.31,1,1,1.0
48,5,23.28,27.2,101.88,52.53999999999999,1,1,1.0
48,7,280.8,53.02,155.55,72.31,1,1,1.0
49,1,304.98,0.44,399.29999999999995,115.56,1,1,1.0
49,2,94.6,0.0,227.01000000000002,65.31,1,1,1.0
49,5,13.55,24.77,99.25,52.53,1,1,1.0
49,7,263.1,50.35,150.29999999999995,70.62,1,1,1.0
50,1,304.98,0.44,399.29999999999995,115.56,1,1,1.0
50,2,94.6,0.0,227.01000000000002,65.31,1,1,1.0
50,5,3.4,23.58,99.1,51.35000000000001,1,1,1.0
50,7,244.8,47.67,145.64999999999998,68.92999999999999,1,1,1.0
51,1,304.98,0.44,399.29999999999995,115.56,1,1,1.0
51,2,94.6,0.0,227.01000000000002,65.31,1,1,1.0
51,5,0.0,22.4,92.2,50.169999999999995,1,1,1.0
51,7,227.5,45.0,140.0,67.23,1,1,1.0
52,1,304.98,0.44,399.29999999999995,115.56,1,1,1.0
52,2,94.6,0.0,227.01000000000002,65.31,1,1,1.0
52,5,0.0,21.22,81.9,48.980000000000004,1,1,1.0
52,7,210.0,42.32,134.55,65.55000000000001,1,1,1.0
53,1,304.98,0.44,399.29999999999995,115.56,1,1,1.0
53,2,94.6,0.0,227.01000000000002,65.31,1,1,1.0
53,5,0.0,20.04,71.6,47.79,1,1,1.0
53,7,196.36,39.65,125.24000000000001,63.85,1,1,1.0
54,1,304.98,0.44,399.29999999999995,115.56,1,1,1.0
54,2,94.6,0.0,227.01000000000002,65.31,1,1,1.0
54,5,0.0,18.86,61.3,46.61,1,1,1.0
54,7,196.36,39.65,125.24000000000001,63.85,1,1,1.0
55,1,304.98,0.44,399.29999999999995,115.56,1,1,1.0
55,2,94.6,0.0,227.01000000000002,65.31,1,1,1.0
55,5,0.0,17.67,51.0,45.43,1,1,1.0
55,7,196.36,39.65,125.24000000000001,63.85,1,1,1.0
56,1,304.98,0.44,399.29999999999995,115.56,1,1,1.0
56,2,94.6,0.0,227.01000000000002,65.31,1,1,1.0
56,5,0.0,17.67,42.23,44.059999999999995,1,1,1.0
56,7,196.36,39.65,125.24000000000001,63.85,1,1,1.0
57,1,304.98,0.44,399.29999999999995,115.56,1,1,1.0
57,2,94.6,0.0,227.01000000000002,65.31,1,1,1.0
57,5,0.0,17.67,33.47,42.699999999999996,1,1,1.0
57,7,196.36,39.65,125.24000000000001,63.85,1,1,1.0
58,1,304.98,0.44,399.29999999999995,115.56,1,1,1.0
58,2,94.6,0.0,227.01000000000002,65.31,1,1,1.0
58,5,0.0,17.67,24.7,41.33,1,1,1.0
58,7,196.36,39.65,125.24000000000001,63.85,1,1,1.0
59,1,304.98,0.44,399.29999999999995,115.56,1,1,1.0
59,2,94.6,0.0,227.01000000000002,65.31,1,1,1.0
59,5,0.0,22.5,16.3,36.5,1,1,1.0
59,7,196.36,39.65,125.24000000000001,63.85,1,1,1.0
60,1,304.98,0.44,399.29999999999995,115.56,1,1,1.0
60,2,94.6,0.0,227.01000000000002,65.31,1,1,1.0
60,7,196.36,39.65,125.24000000000001,63.85,1,1,1.0
